3th9_decoy_732_rdm.pdbqt 12.965 22.427 5.630000000000001 23.107999999999997 21.2 19.188000000000002
3ivg_decoy_655_rdm.pdbqt 0.3205 -10.3585 34.7905 18.457 18.983 25.753
4app_decoy_735_rdm.pdbqt 46.272 18.738500000000002 18.275 19.726 28.221 22.802
1nz7_decoy_475_rdm.pdbqt 28.6605 29.2265 19.445 30.039 23.005 23.226
6g2m_decoy_627_rdm.pdbqt -3.9349999999999996 23.686 27.869500000000002 17.968 21.826 22.697000000000003
4pmm_decoy_755_rdm.pdbqt 34.111 -31.557000000000002 -8.118500000000001 26.341999999999995 19.432000000000002 27.527
4pp5_decoy_725_rdm.pdbqt 62.0655 47.312 30.9945 24.068999999999996 15.032000000000004 19.073
185l_decoy_222_rdm.pdbqt 27.599 6.640000000000001 4.172499999999999 15.194000000000003 15.044 16.209
1ebz_decoy_721_rdm.pdbqt 12.989 22.6375 5.6395 25.945999999999998 22.731 20.625
1j17_decoy_874_rdm.pdbqt 12.2105 49.155 57.707499999999996 26.442999999999998 16.604 22.860999999999997
3si3_decoy_572_rdm.pdbqt 17.1495 -12.6085 22.643 22.570999999999998 19.359 17.75
2qd6_decoy_600_rdm.pdbqt 16.534 23.522 17.014 24.458000000000002 22.724 19.508000000000003
2ha6_decoy_860_rdm.pdbqt 30.770000000000003 20.820999999999998 12.099 23.038 19.168000000000003 19.104
1d6w_decoy_155_rdm.pdbqt 15.9225 -14.260000000000002 23.0685 24.607 19.948 20.244999999999997
5v0n_decoy_440_rdm.pdbqt 0.2765000000000004 -17.8985 33.988 24.673000000000002 21.023 25.488
2oxx_decoy_148_rdm.pdbqt 22.27 6.925 19.8595 17.39 18.253999999999998 18.155
5k0m_decoy_422_rdm.pdbqt -15.908 -25.346 26.802999999999997 20.404 17.128 26.846
5kby_decoy_130_rdm.pdbqt 41.4705 33.897 15.1265 19.750999999999998 18.822 19.607
1zoh_decoy_676_rdm.pdbqt 22.409 6.744 20.024 16.75 18.724 19.233999999999998
2xjx_decoy_168_rdm.pdbqt 14.101 -3.0564999999999998 5.541 17.562 18.698999999999998 25.028
1owb_decoy_653_rdm.pdbqt 65.424 35.6465 68.6315 24.191999999999993 23.000999999999998 24.076999999999998
2xyt_decoy_349_rdm.pdbqt 38.0355 112.46549999999999 51.418 22.323 24.20899999999999 18.75
6bbx_decoy_537_rdm.pdbqt -10.900500000000001 -3.4805 8.206 23.015 23.709000000000003 19.152
1ppc_decoy_217_rdm.pdbqt -2.989 6.197 24.508 19.788 22.586 23.158
4aoi_decoy_758_rdm.pdbqt 21.325499999999998 82.9265 3.9210000000000003 20.185 17.665000000000006 23.404
2qd6_decoy_7_rdm.pdbqt 16.534 23.522 17.014 24.458000000000002 22.724 19.508000000000003
5w7u_decoy_221_rdm.pdbqt 129.6575 105.0135 285.382 20.557000000000002 19.090999999999994 21.244000000000028
5zbz_decoy_269_rdm.pdbqt -15.787 -4.291 27.3085 23.474 17.644 15.607
2jh5_decoy_912_rdm.pdbqt 5.997 21.098 49.489000000000004 22.032 20.336 18.446000000000005
5a5q_decoy_173_rdm.pdbqt -28.396499999999996 43.391 12.8785 21.532999999999998 17.688000000000002 17.997
4i7p_decoy_266_rdm.pdbqt 3.6605 9.3385 0.6089999999999999 15.111 15.883 14.292
2gv7_decoy_126_rdm.pdbqt 15.311 62.946 23.767000000000003 23.948 26.042 25.758
2qg2_decoy_580_rdm.pdbqt 2.343 33.2095 24.1025 22.958 19.642999999999997 17.559
2q55_decoy_629_rdm.pdbqt 19.669999999999998 31.2365 13.367 22.658 26.924999999999997 22.11
4b7p_decoy_56_rdm.pdbqt 2.2405 1.3729999999999998 9.7735 27.564999999999998 21.259999999999998 19.993
2pow_decoy_135_rdm.pdbqt -4.6345 2.6389999999999993 14.7345 17.583 20.002 18.979
3arq_decoy_105_rdm.pdbqt 18.934 -11.715499999999999 20.8685 22.753999999999998 21.073 22.019
3s2v_decoy_309_rdm.pdbqt 46.1785 57.366 5.0565 22.013000000000005 17.634 18.791
3gnw_decoy_55_rdm.pdbqt 28.587 6.948500000000001 36.8345 19.856 21.517000000000003 25.601
3n3g_decoy_46_rdm.pdbqt 11.5485 -9.882 16.085 22.244999999999997 21.068 21.439999999999998
4zx3_decoy_26_rdm.pdbqt 89.7285 119.3835 13.5885 18.539 17.974999999999994 20.407000000000004
1e4h_decoy_265_rdm.pdbqt 43.001000000000005 0.0 26.3345 17.178000000000004 14.458 18.367
6cwh_decoy_43_rdm.pdbqt 8.243500000000001 -46.8775 32.751 19.749000000000002 17.439 18.267999999999997
1v2r_decoy_757_rdm.pdbqt -1.1585 17.3015 15.695999999999998 21.371000000000002 25.662999999999997 19.274
3u5j_decoy_401_rdm.pdbqt 29.8885 16.6055 -2.1965000000000003 20.375 16.433 19.599
3u8j_decoy_500_rdm.pdbqt 3.8834999999999997 16.3925 37.8795 18.053 16.829 17.113
1zoe_decoy_691_rdm.pdbqt 22.985 6.734999999999999 19.5975 18.008 18.936 18.046999999999997
1ppc_decoy_438_rdm.pdbqt -2.989 6.197 24.508 19.788 22.586 23.158
4xip_decoy_509_rdm.pdbqt 3.0940000000000003 -12.8115 -25.124000000000002 23.354 18.233 15.687999999999999
2hb3_decoy_129_rdm.pdbqt 12.431000000000001 19.2805 17.198 23.7 24.817 19.630000000000003
3cy2_decoy_490_rdm.pdbqt -17.216 36.847 -0.7669999999999999 20.972 19.116 17.948
5laq_decoy_788_rdm.pdbqt 0.6799999999999997 -43.712 7.1285 24.564 25.997999999999998 23.801000000000002
5ihh_decoy_574_rdm.pdbqt 23.0135 -6.862 -0.0665 17.923000000000002 23.104 17.093
4xv1_decoy_844_rdm.pdbqt 3.0185000000000004 -2.3195 -19.6815 30.013 17.565 18.275
5lvl_decoy_759_rdm.pdbqt -14.083 -4.449 -8.0265 18.138 19.067999999999998 15.399000000000001
6jut_decoy_101_rdm.pdbqt 10.5165 2.532 9.634 21.655 18.798000000000002 29.432000000000002
5hcv_decoy_248_rdm.pdbqt -3.6594999999999995 -22.939 -9.439 20.487000000000002 23.524 17.826
3o9e_decoy_474_rdm.pdbqt 18.9875 30.229999999999997 14.2725 23.241 23.529999999999998 20.592999999999996
3zc5_decoy_588_rdm.pdbqt 21.6815 83.7695 4.878 19.808999999999997 19.399 21.292
6cn5_decoy_725_rdm.pdbqt -10.075 30.765 -4.198 23.686 26.434 21.576
5b25_decoy_483_rdm.pdbqt 15.956 19.5395 23.8415 24.9 18.436999999999998 21.881
5cu4_decoy_799_rdm.pdbqt -141.84449999999998 -175.58249999999998 362.65599999999995 29.265000000000015 23.989000000000004 18.093999999999994
4yzu_decoy_66_rdm.pdbqt -13.875499999999999 -40.1025 -10.094999999999999 18.783 25.465000000000003 18.868000000000002
4ab9_decoy_152_rdm.pdbqt 2.2035 -14.187999999999999 16.579 15.123000000000001 16.03 18.458
1g36_decoy_572_rdm.pdbqt -2.6265 7.513 25.77 18.019 20.206 26.15
4g0q_decoy_294_rdm.pdbqt 27.703000000000003 31.2075 37.7585 19.578 21.451 21.237000000000002
4w9h_decoy_287_rdm.pdbqt 12.682500000000001 53.5035 87.3015 17.775 19.119 28.021
6fo5_decoy_699_rdm.pdbqt 54.2465 1.0940000000000003 4.4935 21.669000000000004 22.876 26.555
4u54_decoy_38_rdm.pdbqt -1.0439999999999996 125.85 -11.9025 18.57 20.163999999999987 15.902999999999999
2oxd_decoy_441_rdm.pdbqt 21.9635 7.374 19.668999999999997 17.243000000000002 18.018 18.02
1m2q_decoy_451_rdm.pdbqt 24.872999999999998 6.614000000000001 15.527999999999999 16.828 19.4 18.494
4o0x_decoy_22_rdm.pdbqt -20.8945 -0.1905000000000001 15.624 18.565 24.655 18.23
6fs0_decoy_36_rdm.pdbqt 112.0655 -3.0324999999999998 70.76249999999999 24.67500000000001 20.415 22.295
5l8c_decoy_916_rdm.pdbqt 28.253 13.5715 -3.6565000000000003 22.066000000000003 27.491 21.295
5anu_decoy_292_rdm.pdbqt 14.5465 21.1295 5.2620000000000005 19.743 20.643 17.694
1hps_decoy_592_rdm.pdbqt -9.619 14.462499999999999 27.6525 23.94 22.859 26.482999999999997
2pwr_decoy_267_rdm.pdbqt 11.427 -19.4835 -17.5335 25.47 24.393 20.320999999999998
1hps_decoy_311_rdm.pdbqt -9.619 14.462499999999999 27.6525 23.94 22.859 26.482999999999997
1c5n_decoy_288_rdm.pdbqt 12.089 -13.077 22.804000000000002 17.076 17.94 18.074
185l_decoy_164_rdm.pdbqt 27.599 6.640000000000001 4.172499999999999 15.194000000000003 15.044 16.209
5j0d_decoy_15_rdm.pdbqt 13.4765 15.1895 24.723 19.047 22.839000000000002 24.452
2hb3_decoy_315_rdm.pdbqt 12.431000000000001 19.2805 17.198 23.7 24.817 19.630000000000003
3mag_decoy_128_rdm.pdbqt 17.8855 12.968499999999999 20.6925 15.893 17.031 16.741
6ibx_decoy_500_rdm.pdbqt 89.8 48.420500000000004 266.6185 25.048000000000002 23.604999999999997 21.687000000000012
3ebh_decoy_820_rdm.pdbqt 14.2875 10.7455 12.302 19.111 17.853 22.046
6ma4_decoy_875_rdm.pdbqt -0.4379999999999997 -44.5555 15.2485 19.07 24.448999999999998 23.975
4de2_decoy_634_rdm.pdbqt -7.762499999999999 56.4685 11.9925 26.061 18.867000000000004 17.262999999999998
3fsj_decoy_128_rdm.pdbqt 27.294 6.211499999999999 25.8855 23.228 22.116999999999997 23.855
5wgp_decoy_679_rdm.pdbqt -1.9705 4.111 86.083 15.561 17.178 15.632000000000005
3zze_decoy_84_rdm.pdbqt 17.387999999999998 10.965 4.832000000000001 19.536 19.688 20.438000000000002
2qzr_decoy_402_rdm.pdbqt 16.0355 18.939 18.897 17.883000000000003 18.894 26.256
5fol_decoy_114_rdm.pdbqt 15.2135 1.9745 18.0995 20.403 20.391 24.433
3l3l_decoy_565_rdm.pdbqt -25.316499999999998 64.587 26.252499999999998 18.782999999999998 18.232000000000006 19.673
2pql_decoy_39_rdm.pdbqt 11.407499999999999 -20.841500000000003 5.486000000000001 17.744999999999997 19.657 15.440000000000001
5cjf_decoy_619_rdm.pdbqt 68.611 38.205 -1.6515000000000004 17.951999999999998 16.403999999999996 27.079
2vw5_decoy_312_rdm.pdbqt 38.576499999999996 -8.169 36.983999999999995 21.934999999999995 20.076 21.546
1o38_decoy_513_rdm.pdbqt 42.0175 -1.7235000000000005 29.613500000000002 17.293 21.762999999999998 25.131000000000004
3evd_decoy_454_rdm.pdbqt 28.863999999999997 26.947000000000003 -45.6535 16.48 21.3 26.448999999999998
1ypg_decoy_365_rdm.pdbqt 16.665 -11.605 21.439999999999998 26.042 17.624000000000002 21.416
5ta4_decoy_448_rdm.pdbqt 7.1355 16.16 0.23399999999999999 22.669 23.817999999999998 19.744
1fki_decoy_470_rdm.pdbqt 5.3115 -39.698 0.1435000000000004 20.366999999999997 20.652 18.403
6c0s_decoy_146_rdm.pdbqt 42.420500000000004 -20.616500000000002 29.7175 28.689 26.095 23.373000000000005
1o2j_decoy_500_rdm.pdbqt 43.9455 -1.2625000000000002 30.137 14.149000000000001 20.695 26.262
4bf1_decoy_764_rdm.pdbqt -3.018 4.664000000000001 14.9345 21.166 23.294 18.633000000000003
3gwt_decoy_586_rdm.pdbqt 47.6405 46.6315 64.07900000000001 23.550999999999995 18.643 21.464000000000006
5umy_decoy_612_rdm.pdbqt -3.8605 4.904999999999999 -16.51 24.747 17.594 20.634
3jsx_decoy_670_rdm.pdbqt 11.108 -3.4725 30.598 16.78 18.417 23.58
4z0q_decoy_448_rdm.pdbqt 17.511000000000003 5.8515 14.9605 19.794 22.215 18.297000000000004
1c1r_decoy_463_rdm.pdbqt 45.3545 21.859 50.055499999999995 15.209000000000003 22.360000000000003 22.848999999999997
5ndf_decoy_484_rdm.pdbqt 19.564500000000002 -41.603 -37.945499999999996 15.651 22.566000000000003 20.847
2oi0_decoy_695_rdm.pdbqt 44.417 27.9715 2.2415000000000003 20.336 20.009 17.471
6dh1_decoy_615_rdm.pdbqt 121.755 56.7765 16.672 23.287999999999997 23.965000000000003 20.896
4q1y_decoy_472_rdm.pdbqt 19.131 30.33 14.1435 23.380000000000003 23.287999999999997 20.378999999999998
5vb6_decoy_495_rdm.pdbqt -5.321999999999999 24.9695 14.531500000000001 31.106 21.012999999999998 15.979000000000001
3t3u_decoy_299_rdm.pdbqt 17.8755 15.8735 62.98649999999999 25.115000000000002 20.905 20.160999999999994
5g4m_decoy_567_rdm.pdbqt 124.906 106.048 -43.6945 16.757999999999996 20.822000000000003 17.881
5cu4_decoy_450_rdm.pdbqt -141.84449999999998 -175.58249999999998 362.65599999999995 29.265000000000015 23.989000000000004 18.093999999999994
5t7s_decoy_467_rdm.pdbqt -7.166 0.6085000000000003 7.114 20.402 18.723 19.497999999999998
5ka1_decoy_265_rdm.pdbqt 4.1025 119.71549999999999 -4.1205 19.485 17.991 18.253
1ql9_decoy_390_rdm.pdbqt 12.066500000000001 48.932500000000005 57.695 25.997 16.610999999999997 23.251999999999995
2y7z_decoy_731_rdm.pdbqt 9.340499999999999 5.1095 21.649500000000003 21.595 22.465 23.105
3eko_decoy_128_rdm.pdbqt 16.0995 -1.3165000000000004 51.0395 17.139000000000003 20.076999999999998 16.863
2bak_decoy_600_rdm.pdbqt -0.9065000000000003 0.9995000000000003 20.7035 23.875 20.599 29.355
6g2l_decoy_57_rdm.pdbqt -3.7765000000000004 23.5655 28.019 18.109 21.593 22.674000000000003
4h3g_decoy_296_rdm.pdbqt 22.73 11.1295 21.6405 26.171999999999997 17.421 19.677
4xip_decoy_181_rdm.pdbqt 3.0940000000000003 -12.8115 -25.124000000000002 23.354 18.233 15.687999999999999
6a1g_decoy_100_rdm.pdbqt -15.0395 15.015 -20.208 22.570999999999998 19.094 19.558

