1hms_decoy_6_deep.pdbqt 19.9365 35.113 56.4845 19.265 17.558 21.149
6h8s_decoy_2_deep.pdbqt 4.693 15.6175 9.861999999999998 17.736 19.411 21.394
2ifb_decoy_2_deep.pdbqt 23.7285 9.1265 10.9375 23.653 20.945 19.915
4pox_decoy_10_deep.pdbqt 18.9915 -7.3445 -2.7249999999999996 18.387 17.121 24.084
1vyf_decoy_8_deep.pdbqt 13.0525 32.4325 7.1594999999999995 21.465 17.520999999999997 17.549
2hnx_decoy_9_deep.pdbqt 28.036 47.7435 19.2805 17.942 15.895000000000003 20.695
4rww_decoy_1_deep.pdbqt 60.98649999999999 77.46350000000001 -90.55250000000001 24.781 23.198999999999998 19.846999999999994
4d3h_decoy_6_deep.pdbqt -7.1935 -11.785499999999999 -10.2405 24.043 23.219 22.715
4nj9_decoy_5_deep.pdbqt 3.9720000000000004 18.1145 57.04 19.478 21.011000000000003 20.524
5ito_decoy_4_deep.pdbqt 18.816 -7.433 -6.5885 18.438000000000002 17.222 21.145
4tkj_decoy_2_deep.pdbqt 7.664 -20.398 -2.4375 17.536 20.863999999999997 19.213
5ijr_decoy_4_deep.pdbqt 31.6705 -11.7645 27.681 17.439 22.718999999999998 15.948
4gny_decoy_3_deep.pdbqt 24.7 35.637 18.5295 16.896 26.417999999999996 16.185
3uew_decoy_1_deep.pdbqt -2.1295 9.622499999999999 19.03 16.741 29.404999999999998 16.938
4pp0_decoy_6_deep.pdbqt 18.646 -7.215999999999999 -5.6705000000000005 18.619999999999997 16.954 22.023
4q3u_decoy_5_deep.pdbqt -42.8685 19.4775 40.634 16.512999999999998 18.387 19.784000000000006
4wk1_decoy_6_deep.pdbqt 16.3495 -31.907 11.8185 25.305 21.003999999999998 23.019
5itp_decoy_7_deep.pdbqt -16.299500000000002 79.39500000000001 3.5305 17.865 18.052000000000007 21.157
3w9k_decoy_5_deep.pdbqt -9.532 12.4705 -20.0235 22.338 20.218999999999998 20.853
4wk1_decoy_2_deep.pdbqt 16.3495 -31.907 11.8185 25.305 21.003999999999998 23.019
1hms_decoy_4_deep.pdbqt 19.9365 35.113 56.4845 19.265 17.558 21.149
3qlm_decoy_9_deep.pdbqt -34.3195 17.575499999999998 -8.7965 20.973 15.206999999999999 20.929
6gf9_decoy_6_deep.pdbqt 9.865 -2.9135 55.1495 27.922 17.265 17.151000000000003
5uxf_decoy_9_deep.pdbqt 113.203 74.78200000000001 3.2414999999999994 17.810000000000002 25.914 28.427
3usx_decoy_4_deep.pdbqt -35.1785 -22.072499999999998 -40.974500000000006 16.375 22.807 16.409
4qf8_decoy_5_deep.pdbqt 19.073 3.128 -3.7215 17.672 21.52 14.281
2gv6_decoy_4_deep.pdbqt 15.735 63.579499999999996 25.439 22.817999999999998 27.486999999999995 21.235999999999997
4qf8_decoy_4_deep.pdbqt 19.073 3.128 -3.7215 17.672 21.52 14.281
6h8s_decoy_5_deep.pdbqt 4.693 15.6175 9.861999999999998 17.736 19.411 21.394
1pot_decoy_8_deep.pdbqt 65.94749999999999 43.7085 8.1485 15.605000000000004 19.829 20.603
5ito_decoy_8_deep.pdbqt 18.816 -7.433 -6.5885 18.438000000000002 17.222 21.145
4tkb_decoy_6_deep.pdbqt -6.371499999999999 20.486 13.428999999999998 15.143 21.192 17.35
1hmt_decoy_2_deep.pdbqt 19.816499999999998 35.093 56.1555 19.435 17.692 21.171
4qf8_decoy_10_deep.pdbqt 19.073 3.128 -3.7215 17.672 21.52 14.281
4rww_decoy_2_deep.pdbqt 60.98649999999999 77.46350000000001 -90.55250000000001 24.781 23.198999999999998 19.846999999999994
4pow_decoy_8_deep.pdbqt 3.6045 19.9925 4.5440000000000005 16.789 18.957 22.018
3uev_decoy_9_deep.pdbqt -2.5165 10.366999999999999 18.745 15.350999999999999 27.066 16.472
2aco_decoy_5_deep.pdbqt 16.552 34.379000000000005 19.725 20.433999999999997 25.642000000000003 15.745999999999999
3u90_decoy_10_deep.pdbqt 32.9865 0.8140000000000001 32.832 20.089 14.724 20.911999999999995
3wvm_decoy_7_deep.pdbqt 7.586 -20.465 -2.466 17.61 21.088 19.15
4tkb_decoy_2_deep.pdbqt -6.371499999999999 20.486 13.428999999999998 15.143 21.192 17.35
6gon_decoy_6_deep.pdbqt 14.7545 -3.1155 38.435500000000005 21.872999999999998 15.823 16.073
5org_decoy_3_deep.pdbqt -16.454 -25.497 21.302 16.147999999999996 17.904 22.566000000000003
6h8s_decoy_4_deep.pdbqt 4.693 15.6175 9.861999999999998 17.736 19.411 21.394
5ot8_decoy_3_deep.pdbqt 4.104 20.279 -7.691 17.494 18.866 21.082
4pox_decoy_8_deep.pdbqt 18.9915 -7.3445 -2.7249999999999996 18.387 17.121 24.084
5ito_decoy_10_deep.pdbqt 18.816 -7.433 -6.5885 18.438000000000002 17.222 21.145
1pot_decoy_10_deep.pdbqt 65.94749999999999 43.7085 8.1485 15.605000000000004 19.829 20.603
4nj9_decoy_4_deep.pdbqt 3.9720000000000004 18.1145 57.04 19.478 21.011000000000003 20.524
5eqy_decoy_3_deep.pdbqt 15.648 78.261 56.832499999999996 20.302 25.263999999999996 24.318999999999996
5uxf_decoy_3_deep.pdbqt 113.203 74.78200000000001 3.2414999999999994 17.810000000000002 25.914 28.427
4fnn_decoy_10_deep.pdbqt -34.5845 -22.192999999999998 -41.166 16.741 22.136 17.052
3v2q_decoy_5_deep.pdbqt 6.2005 -0.0814999999999999 4.838000000000001 25.291 14.389 26.944000000000003
3kwa_decoy_3_deep.pdbqt -3.5174999999999996 2.924 15.6705 18.367 18.42 17.835
4qf8_decoy_8_deep.pdbqt 19.073 3.128 -3.7215 17.672 21.52 14.281
6h8s_decoy_1_deep.pdbqt 4.693 15.6175 9.861999999999998 17.736 19.411 21.394
3w9k_decoy_9_deep.pdbqt -9.532 12.4705 -20.0235 22.338 20.218999999999998 20.853
5f1v_decoy_4_deep.pdbqt 32.499 -11.629 -13.7005 19.464000000000002 24.938 20.953
4nja_decoy_4_deep.pdbqt -34.6325 -17.017500000000002 16.341 21.759 20.241 19.732
1gt4_decoy_5_deep.pdbqt -1.2934999999999999 -0.5284999999999997 5.378 16.067 16.031 18.078
2hnx_decoy_1_deep.pdbqt 28.036 47.7435 19.2805 17.942 15.895000000000003 20.695
1vyf_decoy_7_deep.pdbqt 13.0525 32.4325 7.1594999999999995 21.465 17.520999999999997 17.549
3v2q_decoy_8_deep.pdbqt 6.2005 -0.0814999999999999 4.838000000000001 25.291 14.389 26.944000000000003
4fnn_decoy_8_deep.pdbqt -34.5845 -22.192999999999998 -41.166 16.741 22.136 17.052
6ge7_decoy_5_deep.pdbqt 17.566499999999998 49.572 55.123999999999995 30.131 17.232 17.753999999999998
3wvm_decoy_10_deep.pdbqt 7.586 -20.465 -2.466 17.61 21.088 19.15
1gt4_decoy_9_deep.pdbqt -1.2934999999999999 -0.5284999999999997 5.378 16.067 16.031 18.078
3v2q_decoy_1_deep.pdbqt 6.2005 -0.0814999999999999 4.838000000000001 25.291 14.389 26.944000000000003
4tkb_decoy_1_deep.pdbqt -6.371499999999999 20.486 13.428999999999998 15.143 21.192 17.35
4nja_decoy_8_deep.pdbqt -34.6325 -17.017500000000002 16.341 21.759 20.241 19.732
4tkj_decoy_9_deep.pdbqt 7.664 -20.398 -2.4375 17.536 20.863999999999997 19.213
6gon_decoy_4_deep.pdbqt 14.7545 -3.1155 38.435500000000005 21.872999999999998 15.823 16.073
4qf8_decoy_3_deep.pdbqt 19.073 3.128 -3.7215 17.672 21.52 14.281
5ito_decoy_9_deep.pdbqt 18.816 -7.433 -6.5885 18.438000000000002 17.222 21.145
3usx_decoy_5_deep.pdbqt -35.1785 -22.072499999999998 -40.974500000000006 16.375 22.807 16.409
4tkb_decoy_8_deep.pdbqt -6.371499999999999 20.486 13.428999999999998 15.143 21.192 17.35
5org_decoy_2_deep.pdbqt -16.454 -25.497 21.302 16.147999999999996 17.904 22.566000000000003
4gny_decoy_2_deep.pdbqt 24.7 35.637 18.5295 16.896 26.417999999999996 16.185
5eqy_decoy_6_deep.pdbqt 15.648 78.261 56.832499999999996 20.302 25.263999999999996 24.318999999999996
4wk1_decoy_7_deep.pdbqt 16.3495 -31.907 11.8185 25.305 21.003999999999998 23.019
4rww_decoy_6_deep.pdbqt 60.98649999999999 77.46350000000001 -90.55250000000001 24.781 23.198999999999998 19.846999999999994
4nj9_decoy_6_deep.pdbqt 3.9720000000000004 18.1145 57.04 19.478 21.011000000000003 20.524
3uev_decoy_7_deep.pdbqt -2.5165 10.366999999999999 18.745 15.350999999999999 27.066 16.472
3v2q_decoy_7_deep.pdbqt 6.2005 -0.0814999999999999 4.838000000000001 25.291 14.389 26.944000000000003
3qlm_decoy_6_deep.pdbqt -34.3195 17.575499999999998 -8.7965 20.973 15.206999999999999 20.929
4pp0_decoy_2_deep.pdbqt 18.646 -7.215999999999999 -5.6705000000000005 18.619999999999997 16.954 22.023
4nja_decoy_10_deep.pdbqt -34.6325 -17.017500000000002 16.341 21.759 20.241 19.732
4nj9_decoy_1_deep.pdbqt 3.9720000000000004 18.1145 57.04 19.478 21.011000000000003 20.524
2gv6_decoy_5_deep.pdbqt 15.735 63.579499999999996 25.439 22.817999999999998 27.486999999999995 21.235999999999997
4wk1_decoy_10_deep.pdbqt 16.3495 -31.907 11.8185 25.305 21.003999999999998 23.019
1g74_decoy_3_deep.pdbqt -47.873000000000005 69.1035 -8.6495 18.630000000000003 19.126999999999995 20.149
4pox_decoy_7_deep.pdbqt 18.9915 -7.3445 -2.7249999999999996 18.387 17.121 24.084
4q3u_decoy_2_deep.pdbqt -42.8685 19.4775 40.634 16.512999999999998 18.387 19.784000000000006
3w9k_decoy_8_deep.pdbqt -9.532 12.4705 -20.0235 22.338 20.218999999999998 20.853
1hmr_decoy_9_deep.pdbqt 19.8375 35.2535 56.1905 19.737000000000002 17.875 20.918999999999997
1w7g_decoy_4_deep.pdbqt 15.611999999999998 -13.969000000000001 20.130000000000003 22.07 20.945999999999998 22.468
1g74_decoy_9_deep.pdbqt -47.873000000000005 69.1035 -8.6495 18.630000000000003 19.126999999999995 20.149
1hmt_decoy_7_deep.pdbqt 19.816499999999998 35.093 56.1555 19.435 17.692 21.171
3u90_decoy_9_deep.pdbqt 32.9865 0.8140000000000001 32.832 20.089 14.724 20.911999999999995
4d3h_decoy_10_deep.pdbqt -7.1935 -11.785499999999999 -10.2405 24.043 23.219 22.715
6ge7_decoy_7_deep.pdbqt 17.566499999999998 49.572 55.123999999999995 30.131 17.232 17.753999999999998
4fnn_decoy_7_deep.pdbqt -34.5845 -22.192999999999998 -41.166 16.741 22.136 17.052
3uex_decoy_9_deep.pdbqt -2.3475 10.2165 17.996 16.911 29.033 19.536
4nj9_decoy_9_deep.pdbqt 3.9720000000000004 18.1145 57.04 19.478 21.011000000000003 20.524
1vyf_decoy_3_deep.pdbqt 13.0525 32.4325 7.1594999999999995 21.465 17.520999999999997 17.549
1hmr_decoy_4_deep.pdbqt 19.8375 35.2535 56.1905 19.737000000000002 17.875 20.918999999999997
3v2p_decoy_6_deep.pdbqt 6.7555 0.12650000000000006 3.9594999999999994 26.506999999999998 14.521 27.723
1hmt_decoy_6_deep.pdbqt 19.816499999999998 35.093 56.1555 19.435 17.692 21.171
3w9k_decoy_2_deep.pdbqt -9.532 12.4705 -20.0235 22.338 20.218999999999998 20.853
4d3h_decoy_1_deep.pdbqt -7.1935 -11.785499999999999 -10.2405 24.043 23.219 22.715
5ijr_decoy_8_deep.pdbqt 31.6705 -11.7645 27.681 17.439 22.718999999999998 15.948
2aco_decoy_6_deep.pdbqt 16.552 34.379000000000005 19.725 20.433999999999997 25.642000000000003 15.745999999999999
3kwa_decoy_5_deep.pdbqt -3.5174999999999996 2.924 15.6705 18.367 18.42 17.835
2gv6_decoy_1_deep.pdbqt 15.735 63.579499999999996 25.439 22.817999999999998 27.486999999999995 21.235999999999997
4nja_decoy_6_deep.pdbqt -34.6325 -17.017500000000002 16.341 21.759 20.241 19.732
4nja_decoy_7_deep.pdbqt -34.6325 -17.017500000000002 16.341 21.759 20.241 19.732
6gfs_decoy_7_deep.pdbqt 9.78 -2.669 55.368 28.099999999999998 17.464 16.518
3qlm_decoy_7_deep.pdbqt -34.3195 17.575499999999998 -8.7965 20.973 15.206999999999999 20.929
3u90_decoy_5_deep.pdbqt 32.9865 0.8140000000000001 32.832 20.089 14.724 20.911999999999995
4rse_decoy_3_deep.pdbqt -32.592 125.51500000000001 5.09 18.195999999999998 21.522000000000006 17.924
5eqy_decoy_8_deep.pdbqt 15.648 78.261 56.832499999999996 20.302 25.263999999999996 24.318999999999996
1vyf_decoy_2_deep.pdbqt 13.0525 32.4325 7.1594999999999995 21.465 17.520999999999997 17.549
3uev_decoy_5_deep.pdbqt -2.5165 10.366999999999999 18.745 15.350999999999999 27.066 16.472
2gv6_decoy_9_deep.pdbqt 15.735 63.579499999999996 25.439 22.817999999999998 27.486999999999995 21.235999999999997
1hmr_decoy_7_deep.pdbqt 19.8375 35.2535 56.1905 19.737000000000002 17.875 20.918999999999997
1w7g_decoy_2_deep.pdbqt 15.611999999999998 -13.969000000000001 20.130000000000003 22.07 20.945999999999998 22.468
3uex_decoy_5_deep.pdbqt -2.3475 10.2165 17.996 16.911 29.033 19.536
5ot8_decoy_7_deep.pdbqt 4.104 20.279 -7.691 17.494 18.866 21.082
6ge7_decoy_2_deep.pdbqt 17.566499999999998 49.572 55.123999999999995 30.131 17.232 17.753999999999998
6gon_decoy_7_deep.pdbqt 14.7545 -3.1155 38.435500000000005 21.872999999999998 15.823 16.073
6gon_decoy_1_deep.pdbqt 14.7545 -3.1155 38.435500000000005 21.872999999999998 15.823 16.073
4pow_decoy_6_deep.pdbqt 3.6045 19.9925 4.5440000000000005 16.789 18.957 22.018
4pp0_decoy_8_deep.pdbqt 18.646 -7.215999999999999 -5.6705000000000005 18.619999999999997 16.954 22.023
3wvm_decoy_8_deep.pdbqt 7.586 -20.465 -2.466 17.61 21.088 19.15
4gny_decoy_5_deep.pdbqt 24.7 35.637 18.5295 16.896 26.417999999999996 16.185
4nja_decoy_3_deep.pdbqt -34.6325 -17.017500000000002 16.341 21.759 20.241 19.732
4rse_decoy_7_deep.pdbqt -32.592 125.51500000000001 5.09 18.195999999999998 21.522000000000006 17.924
4fnn_decoy_5_deep.pdbqt -34.5845 -22.192999999999998 -41.166 16.741 22.136 17.052
4rww_decoy_5_deep.pdbqt 60.98649999999999 77.46350000000001 -90.55250000000001 24.781 23.198999999999998 19.846999999999994
1pot_decoy_5_deep.pdbqt 65.94749999999999 43.7085 8.1485 15.605000000000004 19.829 20.603
6gf9_decoy_3_deep.pdbqt 9.865 -2.9135 55.1495 27.922 17.265 17.151000000000003
3v2p_decoy_2_deep.pdbqt 6.7555 0.12650000000000006 3.9594999999999994 26.506999999999998 14.521 27.723
4fnn_decoy_3_deep.pdbqt -34.5845 -22.192999999999998 -41.166 16.741 22.136 17.052
5f1v_decoy_5_deep.pdbqt 32.499 -11.629 -13.7005 19.464000000000002 24.938 20.953
4pow_decoy_1_deep.pdbqt 3.6045 19.9925 4.5440000000000005 16.789 18.957 22.018
3usx_decoy_8_deep.pdbqt -35.1785 -22.072499999999998 -40.974500000000006 16.375 22.807 16.409
5itp_decoy_5_deep.pdbqt -16.299500000000002 79.39500000000001 3.5305 17.865 18.052000000000007 21.157
2gv6_decoy_2_deep.pdbqt 15.735 63.579499999999996 25.439 22.817999999999998 27.486999999999995 21.235999999999997
2hnx_decoy_4_deep.pdbqt 28.036 47.7435 19.2805 17.942 15.895000000000003 20.695
3uew_decoy_7_deep.pdbqt -2.1295 9.622499999999999 19.03 16.741 29.404999999999998 16.938
5f1v_decoy_3_deep.pdbqt 32.499 -11.629 -13.7005 19.464000000000002 24.938 20.953
3kwa_decoy_7_deep.pdbqt -3.5174999999999996 2.924 15.6705 18.367 18.42 17.835
3uew_decoy_6_deep.pdbqt -2.1295 9.622499999999999 19.03 16.741 29.404999999999998 16.938
3uev_decoy_6_deep.pdbqt -2.5165 10.366999999999999 18.745 15.350999999999999 27.066 16.472
3v2q_decoy_3_deep.pdbqt 6.2005 -0.0814999999999999 4.838000000000001 25.291 14.389 26.944000000000003
4q3u_decoy_10_deep.pdbqt -42.8685 19.4775 40.634 16.512999999999998 18.387 19.784000000000006
3usx_decoy_10_deep.pdbqt -35.1785 -22.072499999999998 -40.974500000000006 16.375 22.807 16.409
3wvm_decoy_3_deep.pdbqt 7.586 -20.465 -2.466 17.61 21.088 19.15
2aco_decoy_2_deep.pdbqt 16.552 34.379000000000005 19.725 20.433999999999997 25.642000000000003 15.745999999999999
3v2q_decoy_6_deep.pdbqt 6.2005 -0.0814999999999999 4.838000000000001 25.291 14.389 26.944000000000003
4nja_decoy_1_deep.pdbqt -34.6325 -17.017500000000002 16.341 21.759 20.241 19.732
3uex_decoy_7_deep.pdbqt -2.3475 10.2165 17.996 16.911 29.033 19.536
3kwa_decoy_1_deep.pdbqt -3.5174999999999996 2.924 15.6705 18.367 18.42 17.835
5itp_decoy_8_deep.pdbqt -16.299500000000002 79.39500000000001 3.5305 17.865 18.052000000000007 21.157
2ifb_decoy_1_deep.pdbqt 23.7285 9.1265 10.9375 23.653 20.945 19.915
3v2q_decoy_9_deep.pdbqt 6.2005 -0.0814999999999999 4.838000000000001 25.291 14.389 26.944000000000003
5itp_decoy_3_deep.pdbqt -16.299500000000002 79.39500000000001 3.5305 17.865 18.052000000000007 21.157
4d3h_decoy_7_deep.pdbqt -7.1935 -11.785499999999999 -10.2405 24.043 23.219 22.715
4q3u_decoy_1_deep.pdbqt -42.8685 19.4775 40.634 16.512999999999998 18.387 19.784000000000006
5uxf_decoy_7_deep.pdbqt 113.203 74.78200000000001 3.2414999999999994 17.810000000000002 25.914 28.427
1g74_decoy_1_deep.pdbqt -47.873000000000005 69.1035 -8.6495 18.630000000000003 19.126999999999995 20.149
4l40_decoy_2_deep.pdbqt 13.161999999999999 -29.305 16.88 25.326 27.816000000000003 18.162
1pot_decoy_9_deep.pdbqt 65.94749999999999 43.7085 8.1485 15.605000000000004 19.829 20.603
3uew_decoy_2_deep.pdbqt -2.1295 9.622499999999999 19.03 16.741 29.404999999999998 16.938
6gf9_decoy_5_deep.pdbqt 9.865 -2.9135 55.1495 27.922 17.265 17.151000000000003
1gt4_decoy_1_deep.pdbqt -1.2934999999999999 -0.5284999999999997 5.378 16.067 16.031 18.078
6gon_decoy_2_deep.pdbqt 14.7545 -3.1155 38.435500000000005 21.872999999999998 15.823 16.073
4nja_decoy_5_deep.pdbqt -34.6325 -17.017500000000002 16.341 21.759 20.241 19.732
4qf8_decoy_2_deep.pdbqt 19.073 3.128 -3.7215 17.672 21.52 14.281
3uev_decoy_10_deep.pdbqt -2.5165 10.366999999999999 18.745 15.350999999999999 27.066 16.472
5eqy_decoy_2_deep.pdbqt 15.648 78.261 56.832499999999996 20.302 25.263999999999996 24.318999999999996
3uew_decoy_5_deep.pdbqt -2.1295 9.622499999999999 19.03 16.741 29.404999999999998 16.938
1vyf_decoy_10_deep.pdbqt 13.0525 32.4325 7.1594999999999995 21.465 17.520999999999997 17.549
4rww_decoy_9_deep.pdbqt 60.98649999999999 77.46350000000001 -90.55250000000001 24.781 23.198999999999998 19.846999999999994
2aco_decoy_10_deep.pdbqt 16.552 34.379000000000005 19.725 20.433999999999997 25.642000000000003 15.745999999999999
3uex_decoy_3_deep.pdbqt -2.3475 10.2165 17.996 16.911 29.033 19.536
3w9k_decoy_10_deep.pdbqt -9.532 12.4705 -20.0235 22.338 20.218999999999998 20.853
3v2q_decoy_2_deep.pdbqt 6.2005 -0.0814999999999999 4.838000000000001 25.291 14.389 26.944000000000003
5ito_decoy_3_deep.pdbqt 18.816 -7.433 -6.5885 18.438000000000002 17.222 21.145
1hms_decoy_3_deep.pdbqt 19.9365 35.113 56.4845 19.265 17.558 21.149
6h8s_decoy_3_deep.pdbqt 4.693 15.6175 9.861999999999998 17.736 19.411 21.394
2gv6_decoy_10_deep.pdbqt 15.735 63.579499999999996 25.439 22.817999999999998 27.486999999999995 21.235999999999997
4pp0_decoy_7_deep.pdbqt 18.646 -7.215999999999999 -5.6705000000000005 18.619999999999997 16.954 22.023
1gt4_decoy_6_deep.pdbqt -1.2934999999999999 -0.5284999999999997 5.378 16.067 16.031 18.078
4rww_decoy_10_deep.pdbqt 60.98649999999999 77.46350000000001 -90.55250000000001 24.781 23.198999999999998 19.846999999999994
4rse_decoy_8_deep.pdbqt -32.592 125.51500000000001 5.09 18.195999999999998 21.522000000000006 17.924
4pow_decoy_7_deep.pdbqt 3.6045 19.9925 4.5440000000000005 16.789 18.957 22.018
1hms_decoy_7_deep.pdbqt 19.9365 35.113 56.4845 19.265 17.558 21.149
1g74_decoy_8_deep.pdbqt -47.873000000000005 69.1035 -8.6495 18.630000000000003 19.126999999999995 20.149
4pox_decoy_4_deep.pdbqt 18.9915 -7.3445 -2.7249999999999996 18.387 17.121 24.084
1g74_decoy_4_deep.pdbqt -47.873000000000005 69.1035 -8.6495 18.630000000000003 19.126999999999995 20.149
6gfs_decoy_3_deep.pdbqt 9.78 -2.669 55.368 28.099999999999998 17.464 16.518
4nja_decoy_2_deep.pdbqt -34.6325 -17.017500000000002 16.341 21.759 20.241 19.732
5ijr_decoy_7_deep.pdbqt 31.6705 -11.7645 27.681 17.439 22.718999999999998 15.948
1gt4_decoy_3_deep.pdbqt -1.2934999999999999 -0.5284999999999997 5.378 16.067 16.031 18.078
4pp0_decoy_1_deep.pdbqt 18.646 -7.215999999999999 -5.6705000000000005 18.619999999999997 16.954 22.023
4qf8_decoy_9_deep.pdbqt 19.073 3.128 -3.7215 17.672 21.52 14.281
2ifb_decoy_8_deep.pdbqt 23.7285 9.1265 10.9375 23.653 20.945 19.915
3uew_decoy_10_deep.pdbqt -2.1295 9.622499999999999 19.03 16.741 29.404999999999998 16.938
4q3u_decoy_6_deep.pdbqt -42.8685 19.4775 40.634 16.512999999999998 18.387 19.784000000000006
1w7g_decoy_1_deep.pdbqt 15.611999999999998 -13.969000000000001 20.130000000000003 22.07 20.945999999999998 22.468
6gf9_decoy_1_deep.pdbqt 9.865 -2.9135 55.1495 27.922 17.265 17.151000000000003
4pox_decoy_3_deep.pdbqt 18.9915 -7.3445 -2.7249999999999996 18.387 17.121 24.084
4q3u_decoy_9_deep.pdbqt -42.8685 19.4775 40.634 16.512999999999998 18.387 19.784000000000006
4tkj_decoy_4_deep.pdbqt 7.664 -20.398 -2.4375 17.536 20.863999999999997 19.213
5eqy_decoy_1_deep.pdbqt 15.648 78.261 56.832499999999996 20.302 25.263999999999996 24.318999999999996
3v2p_decoy_9_deep.pdbqt 6.7555 0.12650000000000006 3.9594999999999994 26.506999999999998 14.521 27.723
1gt4_decoy_10_deep.pdbqt -1.2934999999999999 -0.5284999999999997 5.378 16.067 16.031 18.078
4qf8_decoy_6_deep.pdbqt 19.073 3.128 -3.7215 17.672 21.52 14.281
3u90_decoy_1_deep.pdbqt 32.9865 0.8140000000000001 32.832 20.089 14.724 20.911999999999995
5ijr_decoy_10_deep.pdbqt 31.6705 -11.7645 27.681 17.439 22.718999999999998 15.948
5ot8_decoy_6_deep.pdbqt 4.104 20.279 -7.691 17.494 18.866 21.082
3uew_decoy_8_deep.pdbqt -2.1295 9.622499999999999 19.03 16.741 29.404999999999998 16.938
4gny_decoy_1_deep.pdbqt 24.7 35.637 18.5295 16.896 26.417999999999996 16.185
3v2q_decoy_10_deep.pdbqt 6.2005 -0.0814999999999999 4.838000000000001 25.291 14.389 26.944000000000003
6ge7_decoy_8_deep.pdbqt 17.566499999999998 49.572 55.123999999999995 30.131 17.232 17.753999999999998
1pot_decoy_7_deep.pdbqt 65.94749999999999 43.7085 8.1485 15.605000000000004 19.829 20.603
3kwa_decoy_4_deep.pdbqt -3.5174999999999996 2.924 15.6705 18.367 18.42 17.835
4rww_decoy_7_deep.pdbqt 60.98649999999999 77.46350000000001 -90.55250000000001 24.781 23.198999999999998 19.846999999999994
4tkb_decoy_4_deep.pdbqt -6.371499999999999 20.486 13.428999999999998 15.143 21.192 17.35
2aco_decoy_7_deep.pdbqt 16.552 34.379000000000005 19.725 20.433999999999997 25.642000000000003 15.745999999999999
4tkb_decoy_3_deep.pdbqt -6.371499999999999 20.486 13.428999999999998 15.143 21.192 17.35
3usx_decoy_2_deep.pdbqt -35.1785 -22.072499999999998 -40.974500000000006 16.375 22.807 16.409
1hmt_decoy_5_deep.pdbqt 19.816499999999998 35.093 56.1555 19.435 17.692 21.171
2ifb_decoy_4_deep.pdbqt 23.7285 9.1265 10.9375 23.653 20.945 19.915
1hmt_decoy_10_deep.pdbqt 19.816499999999998 35.093 56.1555 19.435 17.692 21.171
3w9k_decoy_7_deep.pdbqt -9.532 12.4705 -20.0235 22.338 20.218999999999998 20.853
4rse_decoy_4_deep.pdbqt -32.592 125.51500000000001 5.09 18.195999999999998 21.522000000000006 17.924
1vyf_decoy_4_deep.pdbqt 13.0525 32.4325 7.1594999999999995 21.465 17.520999999999997 17.549
4l40_decoy_6_deep.pdbqt 13.161999999999999 -29.305 16.88 25.326 27.816000000000003 18.162
3u90_decoy_4_deep.pdbqt 32.9865 0.8140000000000001 32.832 20.089 14.724 20.911999999999995
2hnx_decoy_5_deep.pdbqt 28.036 47.7435 19.2805 17.942 15.895000000000003 20.695
4rww_decoy_3_deep.pdbqt 60.98649999999999 77.46350000000001 -90.55250000000001 24.781 23.198999999999998 19.846999999999994
6h8s_decoy_6_deep.pdbqt 4.693 15.6175 9.861999999999998 17.736 19.411 21.394
5f1v_decoy_1_deep.pdbqt 32.499 -11.629 -13.7005 19.464000000000002 24.938 20.953
4pow_decoy_10_deep.pdbqt 3.6045 19.9925 4.5440000000000005 16.789 18.957 22.018
5ot8_decoy_4_deep.pdbqt 4.104 20.279 -7.691 17.494 18.866 21.082
3uex_decoy_6_deep.pdbqt -2.3475 10.2165 17.996 16.911 29.033 19.536
4gny_decoy_7_deep.pdbqt 24.7 35.637 18.5295 16.896 26.417999999999996 16.185
4rse_decoy_1_deep.pdbqt -32.592 125.51500000000001 5.09 18.195999999999998 21.522000000000006 17.924
4tkj_decoy_10_deep.pdbqt 7.664 -20.398 -2.4375 17.536 20.863999999999997 19.213
5ito_decoy_1_deep.pdbqt 18.816 -7.433 -6.5885 18.438000000000002 17.222 21.145
1hmt_decoy_3_deep.pdbqt 19.816499999999998 35.093 56.1555 19.435 17.692 21.171
4wk1_decoy_8_deep.pdbqt 16.3495 -31.907 11.8185 25.305 21.003999999999998 23.019
4q3u_decoy_8_deep.pdbqt -42.8685 19.4775 40.634 16.512999999999998 18.387 19.784000000000006
6ge7_decoy_3_deep.pdbqt 17.566499999999998 49.572 55.123999999999995 30.131 17.232 17.753999999999998
4pox_decoy_2_deep.pdbqt 18.9915 -7.3445 -2.7249999999999996 18.387 17.121 24.084
5uxf_decoy_1_deep.pdbqt 113.203 74.78200000000001 3.2414999999999994 17.810000000000002 25.914 28.427
1gt4_decoy_7_deep.pdbqt -1.2934999999999999 -0.5284999999999997 5.378 16.067 16.031 18.078
4wk1_decoy_1_deep.pdbqt 16.3495 -31.907 11.8185 25.305 21.003999999999998 23.019
2ifb_decoy_9_deep.pdbqt 23.7285 9.1265 10.9375 23.653 20.945 19.915
4l40_decoy_1_deep.pdbqt 13.161999999999999 -29.305 16.88 25.326 27.816000000000003 18.162
5itp_decoy_1_deep.pdbqt -16.299500000000002 79.39500000000001 3.5305 17.865 18.052000000000007 21.157
4rww_decoy_8_deep.pdbqt 60.98649999999999 77.46350000000001 -90.55250000000001 24.781 23.198999999999998 19.846999999999994
3uev_decoy_3_deep.pdbqt -2.5165 10.366999999999999 18.745 15.350999999999999 27.066 16.472
1hmt_decoy_8_deep.pdbqt 19.816499999999998 35.093 56.1555 19.435 17.692 21.171
5ot8_decoy_5_deep.pdbqt 4.104 20.279 -7.691 17.494 18.866 21.082
4pow_decoy_9_deep.pdbqt 3.6045 19.9925 4.5440000000000005 16.789 18.957 22.018
6h8s_decoy_10_deep.pdbqt 4.693 15.6175 9.861999999999998 17.736 19.411 21.394
1w7g_decoy_10_deep.pdbqt 15.611999999999998 -13.969000000000001 20.130000000000003 22.07 20.945999999999998 22.468
5org_decoy_7_deep.pdbqt -16.454 -25.497 21.302 16.147999999999996 17.904 22.566000000000003
4q3u_decoy_3_deep.pdbqt -42.8685 19.4775 40.634 16.512999999999998 18.387 19.784000000000006
2aco_decoy_9_deep.pdbqt 16.552 34.379000000000005 19.725 20.433999999999997 25.642000000000003 15.745999999999999
2hnx_decoy_10_deep.pdbqt 28.036 47.7435 19.2805 17.942 15.895000000000003 20.695
1hmr_decoy_6_deep.pdbqt 19.8375 35.2535 56.1905 19.737000000000002 17.875 20.918999999999997
4pow_decoy_4_deep.pdbqt 3.6045 19.9925 4.5440000000000005 16.789 18.957 22.018
6gon_decoy_3_deep.pdbqt 14.7545 -3.1155 38.435500000000005 21.872999999999998 15.823 16.073
1g74_decoy_6_deep.pdbqt -47.873000000000005 69.1035 -8.6495 18.630000000000003 19.126999999999995 20.149
4d3h_decoy_5_deep.pdbqt -7.1935 -11.785499999999999 -10.2405 24.043 23.219 22.715
5itp_decoy_10_deep.pdbqt -16.299500000000002 79.39500000000001 3.5305 17.865 18.052000000000007 21.157
3w9k_decoy_1_deep.pdbqt -9.532 12.4705 -20.0235 22.338 20.218999999999998 20.853
1pot_decoy_2_deep.pdbqt 65.94749999999999 43.7085 8.1485 15.605000000000004 19.829 20.603
5itp_decoy_4_deep.pdbqt -16.299500000000002 79.39500000000001 3.5305 17.865 18.052000000000007 21.157
3wvm_decoy_1_deep.pdbqt 7.586 -20.465 -2.466 17.61 21.088 19.15
2hnx_decoy_8_deep.pdbqt 28.036 47.7435 19.2805 17.942 15.895000000000003 20.695
6h8s_decoy_8_deep.pdbqt 4.693 15.6175 9.861999999999998 17.736 19.411 21.394
4wk1_decoy_9_deep.pdbqt 16.3495 -31.907 11.8185 25.305 21.003999999999998 23.019
1w7g_decoy_6_deep.pdbqt 15.611999999999998 -13.969000000000001 20.130000000000003 22.07 20.945999999999998 22.468
4pow_decoy_5_deep.pdbqt 3.6045 19.9925 4.5440000000000005 16.789 18.957 22.018
5ito_decoy_5_deep.pdbqt 18.816 -7.433 -6.5885 18.438000000000002 17.222 21.145
4wk1_decoy_4_deep.pdbqt 16.3495 -31.907 11.8185 25.305 21.003999999999998 23.019
1hms_decoy_2_deep.pdbqt 19.9365 35.113 56.4845 19.265 17.558 21.149
1hms_decoy_9_deep.pdbqt 19.9365 35.113 56.4845 19.265 17.558 21.149
3uew_decoy_3_deep.pdbqt -2.1295 9.622499999999999 19.03 16.741 29.404999999999998 16.938
1pot_decoy_4_deep.pdbqt 65.94749999999999 43.7085 8.1485 15.605000000000004 19.829 20.603
4gny_decoy_10_deep.pdbqt 24.7 35.637 18.5295 16.896 26.417999999999996 16.185
3usx_decoy_7_deep.pdbqt -35.1785 -22.072499999999998 -40.974500000000006 16.375 22.807 16.409
4l40_decoy_8_deep.pdbqt 13.161999999999999 -29.305 16.88 25.326 27.816000000000003 18.162
4d3h_decoy_9_deep.pdbqt -7.1935 -11.785499999999999 -10.2405 24.043 23.219 22.715
4pp0_decoy_4_deep.pdbqt 18.646 -7.215999999999999 -5.6705000000000005 18.619999999999997 16.954 22.023
1w7g_decoy_7_deep.pdbqt 15.611999999999998 -13.969000000000001 20.130000000000003 22.07 20.945999999999998 22.468
4nj9_decoy_3_deep.pdbqt 3.9720000000000004 18.1145 57.04 19.478 21.011000000000003 20.524
4l40_decoy_10_deep.pdbqt 13.161999999999999 -29.305 16.88 25.326 27.816000000000003 18.162
2gv6_decoy_6_deep.pdbqt 15.735 63.579499999999996 25.439 22.817999999999998 27.486999999999995 21.235999999999997
3usx_decoy_9_deep.pdbqt -35.1785 -22.072499999999998 -40.974500000000006 16.375 22.807 16.409
3v2p_decoy_10_deep.pdbqt 6.7555 0.12650000000000006 3.9594999999999994 26.506999999999998 14.521 27.723
5uxf_decoy_8_deep.pdbqt 113.203 74.78200000000001 3.2414999999999994 17.810000000000002 25.914 28.427
2gv6_decoy_7_deep.pdbqt 15.735 63.579499999999996 25.439 22.817999999999998 27.486999999999995 21.235999999999997
3uex_decoy_8_deep.pdbqt -2.3475 10.2165 17.996 16.911 29.033 19.536
5ijr_decoy_5_deep.pdbqt 31.6705 -11.7645 27.681 17.439 22.718999999999998 15.948
4pp0_decoy_5_deep.pdbqt 18.646 -7.215999999999999 -5.6705000000000005 18.619999999999997 16.954 22.023
2ifb_decoy_5_deep.pdbqt 23.7285 9.1265 10.9375 23.653 20.945 19.915
4nj9_decoy_8_deep.pdbqt 3.9720000000000004 18.1145 57.04 19.478 21.011000000000003 20.524
4fnn_decoy_1_deep.pdbqt -34.5845 -22.192999999999998 -41.166 16.741 22.136 17.052
4l40_decoy_3_deep.pdbqt 13.161999999999999 -29.305 16.88 25.326 27.816000000000003 18.162
4tkb_decoy_9_deep.pdbqt -6.371499999999999 20.486 13.428999999999998 15.143 21.192 17.35
1hmt_decoy_1_deep.pdbqt 19.816499999999998 35.093 56.1555 19.435 17.692 21.171
1vyf_decoy_9_deep.pdbqt 13.0525 32.4325 7.1594999999999995 21.465 17.520999999999997 17.549
3w9k_decoy_4_deep.pdbqt -9.532 12.4705 -20.0235 22.338 20.218999999999998 20.853
5ijr_decoy_3_deep.pdbqt 31.6705 -11.7645 27.681 17.439 22.718999999999998 15.948
1vyf_decoy_5_deep.pdbqt 13.0525 32.4325 7.1594999999999995 21.465 17.520999999999997 17.549
1hmr_decoy_8_deep.pdbqt 19.8375 35.2535 56.1905 19.737000000000002 17.875 20.918999999999997
3wvm_decoy_5_deep.pdbqt 7.586 -20.465 -2.466 17.61 21.088 19.15
3qlm_decoy_5_deep.pdbqt -34.3195 17.575499999999998 -8.7965 20.973 15.206999999999999 20.929
1hms_decoy_5_deep.pdbqt 19.9365 35.113 56.4845 19.265 17.558 21.149
4tkj_decoy_8_deep.pdbqt 7.664 -20.398 -2.4375 17.536 20.863999999999997 19.213
4qf8_decoy_1_deep.pdbqt 19.073 3.128 -3.7215 17.672 21.52 14.281
4fnn_decoy_9_deep.pdbqt -34.5845 -22.192999999999998 -41.166 16.741 22.136 17.052
4d3h_decoy_4_deep.pdbqt -7.1935 -11.785499999999999 -10.2405 24.043 23.219 22.715
2gv6_decoy_3_deep.pdbqt 15.735 63.579499999999996 25.439 22.817999999999998 27.486999999999995 21.235999999999997
3wvm_decoy_9_deep.pdbqt 7.586 -20.465 -2.466 17.61 21.088 19.15
4pow_decoy_3_deep.pdbqt 3.6045 19.9925 4.5440000000000005 16.789 18.957 22.018
4d3h_decoy_2_deep.pdbqt -7.1935 -11.785499999999999 -10.2405 24.043 23.219 22.715
4rse_decoy_5_deep.pdbqt -32.592 125.51500000000001 5.09 18.195999999999998 21.522000000000006 17.924
4d3h_decoy_3_deep.pdbqt -7.1935 -11.785499999999999 -10.2405 24.043 23.219 22.715
4pox_decoy_6_deep.pdbqt 18.9915 -7.3445 -2.7249999999999996 18.387 17.121 24.084
3v2p_decoy_1_deep.pdbqt 6.7555 0.12650000000000006 3.9594999999999994 26.506999999999998 14.521 27.723
1gt4_decoy_4_deep.pdbqt -1.2934999999999999 -0.5284999999999997 5.378 16.067 16.031 18.078
3uex_decoy_4_deep.pdbqt -2.3475 10.2165 17.996 16.911 29.033 19.536
1hmr_decoy_1_deep.pdbqt 19.8375 35.2535 56.1905 19.737000000000002 17.875 20.918999999999997
4pp0_decoy_9_deep.pdbqt 18.646 -7.215999999999999 -5.6705000000000005 18.619999999999997 16.954 22.023
3usx_decoy_1_deep.pdbqt -35.1785 -22.072499999999998 -40.974500000000006 16.375 22.807 16.409
3uev_decoy_4_deep.pdbqt -2.5165 10.366999999999999 18.745 15.350999999999999 27.066 16.472
5f1v_decoy_10_deep.pdbqt 32.499 -11.629 -13.7005 19.464000000000002 24.938 20.953
2aco_decoy_1_deep.pdbqt 16.552 34.379000000000005 19.725 20.433999999999997 25.642000000000003 15.745999999999999
3kwa_decoy_6_deep.pdbqt -3.5174999999999996 2.924 15.6705 18.367 18.42 17.835
1hmt_decoy_4_deep.pdbqt 19.816499999999998 35.093 56.1555 19.435 17.692 21.171
5uxf_decoy_2_deep.pdbqt 113.203 74.78200000000001 3.2414999999999994 17.810000000000002 25.914 28.427
3wvm_decoy_2_deep.pdbqt 7.586 -20.465 -2.466 17.61 21.088 19.15
3qlm_decoy_8_deep.pdbqt -34.3195 17.575499999999998 -8.7965 20.973 15.206999999999999 20.929
3usx_decoy_6_deep.pdbqt -35.1785 -22.072499999999998 -40.974500000000006 16.375 22.807 16.409
5uxf_decoy_6_deep.pdbqt 113.203 74.78200000000001 3.2414999999999994 17.810000000000002 25.914 28.427
6h8s_decoy_7_deep.pdbqt 4.693 15.6175 9.861999999999998 17.736 19.411 21.394
3v2p_decoy_3_deep.pdbqt 6.7555 0.12650000000000006 3.9594999999999994 26.506999999999998 14.521 27.723
1gt4_decoy_2_deep.pdbqt -1.2934999999999999 -0.5284999999999997 5.378 16.067 16.031 18.078
5org_decoy_4_deep.pdbqt -16.454 -25.497 21.302 16.147999999999996 17.904 22.566000000000003
3qlm_decoy_1_deep.pdbqt -34.3195 17.575499999999998 -8.7965 20.973 15.206999999999999 20.929
3usx_decoy_3_deep.pdbqt -35.1785 -22.072499999999998 -40.974500000000006 16.375 22.807 16.409
3uev_decoy_2_deep.pdbqt -2.5165 10.366999999999999 18.745 15.350999999999999 27.066 16.472
3v2p_decoy_4_deep.pdbqt 6.7555 0.12650000000000006 3.9594999999999994 26.506999999999998 14.521 27.723
5ot8_decoy_2_deep.pdbqt 4.104 20.279 -7.691 17.494 18.866 21.082
5eqy_decoy_10_deep.pdbqt 15.648 78.261 56.832499999999996 20.302 25.263999999999996 24.318999999999996
6gf9_decoy_10_deep.pdbqt 9.865 -2.9135 55.1495 27.922 17.265 17.151000000000003
3qlm_decoy_2_deep.pdbqt -34.3195 17.575499999999998 -8.7965 20.973 15.206999999999999 20.929
4fnn_decoy_6_deep.pdbqt -34.5845 -22.192999999999998 -41.166 16.741 22.136 17.052
3wvm_decoy_6_deep.pdbqt 7.586 -20.465 -2.466 17.61 21.088 19.15
4fnn_decoy_2_deep.pdbqt -34.5845 -22.192999999999998 -41.166 16.741 22.136 17.052
3qlm_decoy_3_deep.pdbqt -34.3195 17.575499999999998 -8.7965 20.973 15.206999999999999 20.929
4fnn_decoy_4_deep.pdbqt -34.5845 -22.192999999999998 -41.166 16.741 22.136 17.052
6gfs_decoy_5_deep.pdbqt 9.78 -2.669 55.368 28.099999999999998 17.464 16.518
4tkb_decoy_7_deep.pdbqt -6.371499999999999 20.486 13.428999999999998 15.143 21.192 17.35
4q3u_decoy_4_deep.pdbqt -42.8685 19.4775 40.634 16.512999999999998 18.387 19.784000000000006
2ifb_decoy_10_deep.pdbqt 23.7285 9.1265 10.9375 23.653 20.945 19.915
4wk1_decoy_3_deep.pdbqt 16.3495 -31.907 11.8185 25.305 21.003999999999998 23.019
6gf9_decoy_4_deep.pdbqt 9.865 -2.9135 55.1495 27.922 17.265 17.151000000000003
3uex_decoy_1_deep.pdbqt -2.3475 10.2165 17.996 16.911 29.033 19.536
4nj9_decoy_10_deep.pdbqt 3.9720000000000004 18.1145 57.04 19.478 21.011000000000003 20.524
4gny_decoy_6_deep.pdbqt 24.7 35.637 18.5295 16.896 26.417999999999996 16.185
1hmr_decoy_5_deep.pdbqt 19.8375 35.2535 56.1905 19.737000000000002 17.875 20.918999999999997
4wk1_decoy_5_deep.pdbqt 16.3495 -31.907 11.8185 25.305 21.003999999999998 23.019
2aco_decoy_3_deep.pdbqt 16.552 34.379000000000005 19.725 20.433999999999997 25.642000000000003 15.745999999999999
4gny_decoy_9_deep.pdbqt 24.7 35.637 18.5295 16.896 26.417999999999996 16.185
4tkb_decoy_10_deep.pdbqt -6.371499999999999 20.486 13.428999999999998 15.143 21.192 17.35
5itp_decoy_2_deep.pdbqt -16.299500000000002 79.39500000000001 3.5305 17.865 18.052000000000007 21.157
1g74_decoy_7_deep.pdbqt -47.873000000000005 69.1035 -8.6495 18.630000000000003 19.126999999999995 20.149
5f1v_decoy_9_deep.pdbqt 32.499 -11.629 -13.7005 19.464000000000002 24.938 20.953
5eqy_decoy_7_deep.pdbqt 15.648 78.261 56.832499999999996 20.302 25.263999999999996 24.318999999999996
5f1v_decoy_6_deep.pdbqt 32.499 -11.629 -13.7005 19.464000000000002 24.938 20.953
2hnx_decoy_3_deep.pdbqt 28.036 47.7435 19.2805 17.942 15.895000000000003 20.695
4qf8_decoy_7_deep.pdbqt 19.073 3.128 -3.7215 17.672 21.52 14.281
2aco_decoy_8_deep.pdbqt 16.552 34.379000000000005 19.725 20.433999999999997 25.642000000000003 15.745999999999999
2ifb_decoy_3_deep.pdbqt 23.7285 9.1265 10.9375 23.653 20.945 19.915
4q3u_decoy_7_deep.pdbqt -42.8685 19.4775 40.634 16.512999999999998 18.387 19.784000000000006
5uxf_decoy_5_deep.pdbqt 113.203 74.78200000000001 3.2414999999999994 17.810000000000002 25.914 28.427
3v2p_decoy_5_deep.pdbqt 6.7555 0.12650000000000006 3.9594999999999994 26.506999999999998 14.521 27.723
4tkj_decoy_7_deep.pdbqt 7.664 -20.398 -2.4375 17.536 20.863999999999997 19.213
6gfs_decoy_6_deep.pdbqt 9.78 -2.669 55.368 28.099999999999998 17.464 16.518
6gf9_decoy_8_deep.pdbqt 9.865 -2.9135 55.1495 27.922 17.265 17.151000000000003
1g74_decoy_10_deep.pdbqt -47.873000000000005 69.1035 -8.6495 18.630000000000003 19.126999999999995 20.149
3u90_decoy_6_deep.pdbqt 32.9865 0.8140000000000001 32.832 20.089 14.724 20.911999999999995
6ge7_decoy_4_deep.pdbqt 17.566499999999998 49.572 55.123999999999995 30.131 17.232 17.753999999999998
1gt4_decoy_8_deep.pdbqt -1.2934999999999999 -0.5284999999999997 5.378 16.067 16.031 18.078
5itp_decoy_6_deep.pdbqt -16.299500000000002 79.39500000000001 3.5305 17.865 18.052000000000007 21.157
6gf9_decoy_9_deep.pdbqt 9.865 -2.9135 55.1495 27.922 17.265 17.151000000000003
6gfs_decoy_4_deep.pdbqt 9.78 -2.669 55.368 28.099999999999998 17.464 16.518
1w7g_decoy_9_deep.pdbqt 15.611999999999998 -13.969000000000001 20.130000000000003 22.07 20.945999999999998 22.468
4rse_decoy_2_deep.pdbqt -32.592 125.51500000000001 5.09 18.195999999999998 21.522000000000006 17.924
4rse_decoy_9_deep.pdbqt -32.592 125.51500000000001 5.09 18.195999999999998 21.522000000000006 17.924
2hnx_decoy_6_deep.pdbqt 28.036 47.7435 19.2805 17.942 15.895000000000003 20.695
6gon_decoy_8_deep.pdbqt 14.7545 -3.1155 38.435500000000005 21.872999999999998 15.823 16.073
3u90_decoy_3_deep.pdbqt 32.9865 0.8140000000000001 32.832 20.089 14.724 20.911999999999995
1hmr_decoy_2_deep.pdbqt 19.8375 35.2535 56.1905 19.737000000000002 17.875 20.918999999999997
6gf9_decoy_7_deep.pdbqt 9.865 -2.9135 55.1495 27.922 17.265 17.151000000000003
4pp0_decoy_10_deep.pdbqt 18.646 -7.215999999999999 -5.6705000000000005 18.619999999999997 16.954 22.023
4pow_decoy_2_deep.pdbqt 3.6045 19.9925 4.5440000000000005 16.789 18.957 22.018
2ifb_decoy_6_deep.pdbqt 23.7285 9.1265 10.9375 23.653 20.945 19.915
3uex_decoy_10_deep.pdbqt -2.3475 10.2165 17.996 16.911 29.033 19.536
3w9k_decoy_3_deep.pdbqt -9.532 12.4705 -20.0235 22.338 20.218999999999998 20.853
1g74_decoy_2_deep.pdbqt -47.873000000000005 69.1035 -8.6495 18.630000000000003 19.126999999999995 20.149
5f1v_decoy_8_deep.pdbqt 32.499 -11.629 -13.7005 19.464000000000002 24.938 20.953
3uew_decoy_9_deep.pdbqt -2.1295 9.622499999999999 19.03 16.741 29.404999999999998 16.938
5ot8_decoy_1_deep.pdbqt 4.104 20.279 -7.691 17.494 18.866 21.082
1pot_decoy_3_deep.pdbqt 65.94749999999999 43.7085 8.1485 15.605000000000004 19.829 20.603
5ijr_decoy_2_deep.pdbqt 31.6705 -11.7645 27.681 17.439 22.718999999999998 15.948
6ge7_decoy_10_deep.pdbqt 17.566499999999998 49.572 55.123999999999995 30.131 17.232 17.753999999999998
1hms_decoy_1_deep.pdbqt 19.9365 35.113 56.4845 19.265 17.558 21.149
1hmr_decoy_3_deep.pdbqt 19.8375 35.2535 56.1905 19.737000000000002 17.875 20.918999999999997
1hms_decoy_8_deep.pdbqt 19.9365 35.113 56.4845 19.265 17.558 21.149
4pp0_decoy_3_deep.pdbqt 18.646 -7.215999999999999 -5.6705000000000005 18.619999999999997 16.954 22.023
1w7g_decoy_8_deep.pdbqt 15.611999999999998 -13.969000000000001 20.130000000000003 22.07 20.945999999999998 22.468
1pot_decoy_1_deep.pdbqt 65.94749999999999 43.7085 8.1485 15.605000000000004 19.829 20.603
3v2p_decoy_7_deep.pdbqt 6.7555 0.12650000000000006 3.9594999999999994 26.506999999999998 14.521 27.723
5uxf_decoy_10_deep.pdbqt 113.203 74.78200000000001 3.2414999999999994 17.810000000000002 25.914 28.427
5ijr_decoy_6_deep.pdbqt 31.6705 -11.7645 27.681 17.439 22.718999999999998 15.948
4tkb_decoy_5_deep.pdbqt -6.371499999999999 20.486 13.428999999999998 15.143 21.192 17.35
5ijr_decoy_9_deep.pdbqt 31.6705 -11.7645 27.681 17.439 22.718999999999998 15.948
5eqy_decoy_4_deep.pdbqt 15.648 78.261 56.832499999999996 20.302 25.263999999999996 24.318999999999996
4tkj_decoy_5_deep.pdbqt 7.664 -20.398 -2.4375 17.536 20.863999999999997 19.213
3w9k_decoy_6_deep.pdbqt -9.532 12.4705 -20.0235 22.338 20.218999999999998 20.853
1pot_decoy_6_deep.pdbqt 65.94749999999999 43.7085 8.1485 15.605000000000004 19.829 20.603
1vyf_decoy_6_deep.pdbqt 13.0525 32.4325 7.1594999999999995 21.465 17.520999999999997 17.549
1hmt_decoy_9_deep.pdbqt 19.816499999999998 35.093 56.1555 19.435 17.692 21.171
5org_decoy_1_deep.pdbqt -16.454 -25.497 21.302 16.147999999999996 17.904 22.566000000000003
6gon_decoy_10_deep.pdbqt 14.7545 -3.1155 38.435500000000005 21.872999999999998 15.823 16.073
4l40_decoy_5_deep.pdbqt 13.161999999999999 -29.305 16.88 25.326 27.816000000000003 18.162
4l40_decoy_4_deep.pdbqt 13.161999999999999 -29.305 16.88 25.326 27.816000000000003 18.162
4l40_decoy_9_deep.pdbqt 13.161999999999999 -29.305 16.88 25.326 27.816000000000003 18.162
4l40_decoy_7_deep.pdbqt 13.161999999999999 -29.305 16.88 25.326 27.816000000000003 18.162
6gfs_decoy_8_deep.pdbqt 9.78 -2.669 55.368 28.099999999999998 17.464 16.518
3v2p_decoy_8_deep.pdbqt 6.7555 0.12650000000000006 3.9594999999999994 26.506999999999998 14.521 27.723
5f1v_decoy_2_deep.pdbqt 32.499 -11.629 -13.7005 19.464000000000002 24.938 20.953
4pox_decoy_9_deep.pdbqt 18.9915 -7.3445 -2.7249999999999996 18.387 17.121 24.084
6ge7_decoy_9_deep.pdbqt 17.566499999999998 49.572 55.123999999999995 30.131 17.232 17.753999999999998
5ot8_decoy_8_deep.pdbqt 4.104 20.279 -7.691 17.494 18.866 21.082
5org_decoy_8_deep.pdbqt -16.454 -25.497 21.302 16.147999999999996 17.904 22.566000000000003
6gon_decoy_9_deep.pdbqt 14.7545 -3.1155 38.435500000000005 21.872999999999998 15.823 16.073
5ot8_decoy_10_deep.pdbqt 4.104 20.279 -7.691 17.494 18.866 21.082
6gfs_decoy_10_deep.pdbqt 9.78 -2.669 55.368 28.099999999999998 17.464 16.518
4rse_decoy_10_deep.pdbqt -32.592 125.51500000000001 5.09 18.195999999999998 21.522000000000006 17.924
5org_decoy_5_deep.pdbqt -16.454 -25.497 21.302 16.147999999999996 17.904 22.566000000000003
4tkj_decoy_1_deep.pdbqt 7.664 -20.398 -2.4375 17.536 20.863999999999997 19.213
5ito_decoy_7_deep.pdbqt 18.816 -7.433 -6.5885 18.438000000000002 17.222 21.145
5uxf_decoy_4_deep.pdbqt 113.203 74.78200000000001 3.2414999999999994 17.810000000000002 25.914 28.427
4d3h_decoy_8_deep.pdbqt -7.1935 -11.785499999999999 -10.2405 24.043 23.219 22.715
5ot8_decoy_9_deep.pdbqt 4.104 20.279 -7.691 17.494 18.866 21.082
4tkj_decoy_6_deep.pdbqt 7.664 -20.398 -2.4375 17.536 20.863999999999997 19.213
2gv6_decoy_8_deep.pdbqt 15.735 63.579499999999996 25.439 22.817999999999998 27.486999999999995 21.235999999999997
3qlm_decoy_4_deep.pdbqt -34.3195 17.575499999999998 -8.7965 20.973 15.206999999999999 20.929
3u90_decoy_2_deep.pdbqt 32.9865 0.8140000000000001 32.832 20.089 14.724 20.911999999999995
6ge7_decoy_6_deep.pdbqt 17.566499999999998 49.572 55.123999999999995 30.131 17.232 17.753999999999998
1vyf_decoy_1_deep.pdbqt 13.0525 32.4325 7.1594999999999995 21.465 17.520999999999997 17.549
3v2q_decoy_4_deep.pdbqt 6.2005 -0.0814999999999999 4.838000000000001 25.291 14.389 26.944000000000003
5ito_decoy_2_deep.pdbqt 18.816 -7.433 -6.5885 18.438000000000002 17.222 21.145
4tkj_decoy_3_deep.pdbqt 7.664 -20.398 -2.4375 17.536 20.863999999999997 19.213
5eqy_decoy_9_deep.pdbqt 15.648 78.261 56.832499999999996 20.302 25.263999999999996 24.318999999999996
4pox_decoy_5_deep.pdbqt 18.9915 -7.3445 -2.7249999999999996 18.387 17.121 24.084
3qlm_decoy_10_deep.pdbqt -34.3195 17.575499999999998 -8.7965 20.973 15.206999999999999 20.929
5org_decoy_10_deep.pdbqt -16.454 -25.497 21.302 16.147999999999996 17.904 22.566000000000003
6ge7_decoy_1_deep.pdbqt 17.566499999999998 49.572 55.123999999999995 30.131 17.232 17.753999999999998
6gon_decoy_5_deep.pdbqt 14.7545 -3.1155 38.435500000000005 21.872999999999998 15.823 16.073
6h8s_decoy_9_deep.pdbqt 4.693 15.6175 9.861999999999998 17.736 19.411 21.394
5itp_decoy_9_deep.pdbqt -16.299500000000002 79.39500000000001 3.5305 17.865 18.052000000000007 21.157
3uew_decoy_4_deep.pdbqt -2.1295 9.622499999999999 19.03 16.741 29.404999999999998 16.938
1w7g_decoy_3_deep.pdbqt 15.611999999999998 -13.969000000000001 20.130000000000003 22.07 20.945999999999998 22.468
1g74_decoy_5_deep.pdbqt -47.873000000000005 69.1035 -8.6495 18.630000000000003 19.126999999999995 20.149
4gny_decoy_4_deep.pdbqt 24.7 35.637 18.5295 16.896 26.417999999999996 16.185
5org_decoy_9_deep.pdbqt -16.454 -25.497 21.302 16.147999999999996 17.904 22.566000000000003
1w7g_decoy_5_deep.pdbqt 15.611999999999998 -13.969000000000001 20.130000000000003 22.07 20.945999999999998 22.468
4rww_decoy_4_deep.pdbqt 60.98649999999999 77.46350000000001 -90.55250000000001 24.781 23.198999999999998 19.846999999999994
4rse_decoy_6_deep.pdbqt -32.592 125.51500000000001 5.09 18.195999999999998 21.522000000000006 17.924
2hnx_decoy_7_deep.pdbqt 28.036 47.7435 19.2805 17.942 15.895000000000003 20.695
1hmr_decoy_10_deep.pdbqt 19.8375 35.2535 56.1905 19.737000000000002 17.875 20.918999999999997
3u90_decoy_7_deep.pdbqt 32.9865 0.8140000000000001 32.832 20.089 14.724 20.911999999999995
6gfs_decoy_1_deep.pdbqt 9.78 -2.669 55.368 28.099999999999998 17.464 16.518
2aco_decoy_4_deep.pdbqt 16.552 34.379000000000005 19.725 20.433999999999997 25.642000000000003 15.745999999999999
6gf9_decoy_2_deep.pdbqt 9.865 -2.9135 55.1495 27.922 17.265 17.151000000000003
1hms_decoy_10_deep.pdbqt 19.9365 35.113 56.4845 19.265 17.558 21.149
4pox_decoy_1_deep.pdbqt 18.9915 -7.3445 -2.7249999999999996 18.387 17.121 24.084
2ifb_decoy_7_deep.pdbqt 23.7285 9.1265 10.9375 23.653 20.945 19.915
2hnx_decoy_2_deep.pdbqt 28.036 47.7435 19.2805 17.942 15.895000000000003 20.695
5ijr_decoy_1_deep.pdbqt 31.6705 -11.7645 27.681 17.439 22.718999999999998 15.948
4gny_decoy_8_deep.pdbqt 24.7 35.637 18.5295 16.896 26.417999999999996 16.185
6gfs_decoy_2_deep.pdbqt 9.78 -2.669 55.368 28.099999999999998 17.464 16.518
5f1v_decoy_7_deep.pdbqt 32.499 -11.629 -13.7005 19.464000000000002 24.938 20.953
3wvm_decoy_4_deep.pdbqt 7.586 -20.465 -2.466 17.61 21.088 19.15
3kwa_decoy_2_deep.pdbqt -3.5174999999999996 2.924 15.6705 18.367 18.42 17.835
3kwa_decoy_10_deep.pdbqt -3.5174999999999996 2.924 15.6705 18.367 18.42 17.835
3kwa_decoy_8_deep.pdbqt -3.5174999999999996 2.924 15.6705 18.367 18.42 17.835
3kwa_decoy_9_deep.pdbqt -3.5174999999999996 2.924 15.6705 18.367 18.42 17.835
5org_decoy_6_deep.pdbqt -16.454 -25.497 21.302 16.147999999999996 17.904 22.566000000000003
3u90_decoy_8_deep.pdbqt 32.9865 0.8140000000000001 32.832 20.089 14.724 20.911999999999995
3uex_decoy_2_deep.pdbqt -2.3475 10.2165 17.996 16.911 29.033 19.536
4nj9_decoy_7_deep.pdbqt 3.9720000000000004 18.1145 57.04 19.478 21.011000000000003 20.524
5eqy_decoy_5_deep.pdbqt 15.648 78.261 56.832499999999996 20.302 25.263999999999996 24.318999999999996
4nja_decoy_9_deep.pdbqt -34.6325 -17.017500000000002 16.341 21.759 20.241 19.732
5ito_decoy_6_deep.pdbqt 18.816 -7.433 -6.5885 18.438000000000002 17.222 21.145
3uev_decoy_1_deep.pdbqt -2.5165 10.366999999999999 18.745 15.350999999999999 27.066 16.472
6gfs_decoy_9_deep.pdbqt 9.78 -2.669 55.368 28.099999999999998 17.464 16.518
3uev_decoy_8_deep.pdbqt -2.5165 10.366999999999999 18.745 15.350999999999999 27.066 16.472
4nj9_decoy_2_deep.pdbqt 3.9720000000000004 18.1145 57.04 19.478 21.011000000000003 20.524
